Aggressive driver:

[[[[  0.           0.        ]
   [  7.19667652   0.        ]
   [  0.           0.        ]]

  [[  0.           0.        ]
   [  0.           0.        ]
   [  0.           0.        ]]

  [[  0.           0.        ]
   [  0.           0.        ]
   [  0.           0.        ]]]


 [[[  0.           0.        ]
   [ 43.84937897   0.        ]
   [  0.           0.        ]]

  [[  0.           0.        ]
   [  0.           0.        ]
   [  0.           0.        ]]

  [[  0.           0.        ]
   [  0.           0.        ]
   [  0.           0.        ]]]


 [[[  0.           0.        ]
   [ 12.53466354   0.        ]
   [  0.           0.        ]]

  [[  0.           0.        ]
   [  0.           0.        ]
   [  0.           0.        ]]

  [[  0.           0.        ]
   [  0.           0.        ]
   [  0.           0.        ]]]


 [[[  0.           0.        ]
   [ 11.09033972   0.        ]
   [  0.           0.        ]]

  [[  0.           0.        ]
   [  0.           0.        ]
   [  0.           0.        ]]

  [[  0.           0.        ]
   [  0.           0.        ]
   [  0.           0.        ]]]


 [[[  0.           0.        ]
   [-10.66948628   0.        ]
   [  0.           0.        ]]

  [[  0.           0.        ]
   [  0.           0.        ]
   [  0.           0.        ]]

  [[  0.           0.        ]
   [  0.           0.        ]
   [  0.           0.        ]]]


 [[[  0.           0.        ]
   [-10.6133454    0.        ]
   [  0.           0.        ]]

  [[  0.           0.        ]
   [  0.           0.        ]
   [  0.           0.        ]]

  [[  0.           0.        ]
   [  0.           0.        ]
   [  0.           0.        ]]]


 [[[  0.           0.        ]
   [ -6.95405795   0.        ]
   [  0.           0.        ]]

  [[  0.           0.        ]
   [  0.           0.        ]
   [  0.           0.        ]]

  [[  0.           0.        ]
   [  0.           0.        ]
   [  0.           0.        ]]]


 [[[  0.           0.        ]
   [ 13.65926206   0.        ]
   [  0.           0.        ]]

  [[  0.           0.        ]
   [  0.           0.        ]
   [  0.           0.        ]]

  [[  0.           0.        ]
   [  0.           0.        ]
   [  0.           0.        ]]]


 [[[  0.           0.        ]
   [ 18.65950729   0.        ]
   [  0.           0.        ]]

  [[  0.           0.        ]
   [  0.           0.        ]
   [  0.           0.        ]]

  [[  0.           0.        ]
   [  0.           0.        ]
   [  0.           0.        ]]]


 [[[  0.           0.        ]
   [ 31.28032814   0.        ]
   [  0.           0.        ]]

  [[  0.           0.        ]
   [  0.           0.        ]
   [  0.           0.        ]]

  [[  0.           0.        ]
   [  0.           0.        ]
   [  0.           0.        ]]]


 [[[  0.           0.        ]
   [  0.           38.78874949]
   [  0.           0.        ]]

  [[  0.           0.        ]
   [  0.           0.        ]
   [  0.           0.        ]]

  [[  0.           0.        ]
   [  0.           0.        ]
   [  0.           0.        ]]]


 [[[  0.           0.        ]
   [  0.          38.66787908]
   [  0.           0.        ]]

  [[  0.           0.        ]
   [  0.           0.        ]
   [  0.           0.        ]]

  [[  0.           0.        ]
   [  0.          59.96133376]
   [  0.           0.        ]]]]

Calm driver:

[[[[  0.           0.        ]
   [  0.   	 -7.85395953]
   [  0.           0.        ]]

  [[  0.           0.        ]
   [  0.           0.        ]
   [  0.           0.        ]]

  [[  0.           0.        ]
   [  0.           0.        ]
   [  0.           0.        ]]]


 [[[  0.           0.        ]
   [  0.   	 -6.74289206]
   [  0.           0.        ]]

  [[  0.           0.        ]
   [  0.           0.        ]
   [  0.           0.        ]]

  [[  0.           0.        ]
   [  0.           0.        ]
   [  0.           0.        ]]]


 [[[  0.           0.        ]
   [-16.09744439   0.        ]
   [  0.           0.        ]]

  [[  0.           0.        ]
   [  0.           0.        ]
   [  0.           0.        ]]

  [[  0.           0.        ]
   [  0.           0.        ]
   [  0.           0.        ]]]


 [[[  0.           0.        ]
   [ -6.63246856 -31.20896965]
   [  0.           0.        ]]

  [[  0.           0.        ]
   [  0.           0.        ]
   [  0.           0.        ]]

  [[  0.           0.        ]
   [  0.           0.        ]
   [  0.           0.        ]]]


 [[[  0.           0.        ]
   [  7.51688072 -21.47003033]
   [  0.           0.        ]]

  [[  0.           0.        ]
   [  0.           0.        ]
   [  0.           0.        ]]

  [[  0.           0.        ]
   [  0.           0.        ]
   [  0.           0.        ]]]


 [[[  0.           0.        ]
   [ 12.09173658 -30.9404624 ]
   [  0.           0.        ]]

  [[  0.           0.        ]
   [  0.           0.        ]
   [  0.           0.        ]]

  [[  0.           0.        ]
   [  0.           0.        ]
   [  0.           0.        ]]]


 [[[  0.           0.        ]
   [ -0.52090562 -12.66603407]
   [  0.           0.        ]]

  [[  0.           0.        ]
   [  0.           0.        ]
   [  0.           0.        ]]

  [[  0.           0.        ]
   [  0.           0.        ]
   [  0.           0.        ]]]


 [[[  0.           0.        ]
   [-31.04848287 -27.98349666]
   [  0.           0.        ]]

  [[  0.           0.        ]
   [  0.           0.        ]
   [  0.           0.        ]]

  [[  0.           0.        ]
   [  0.           0.        ]
   [  0.           0.        ]]]


 [[[  0.           0.        ]
   [-22.60616975  27.17507433]
   [  0.           0.        ]]

  [[  0.           0.        ]
   [  0.           0.        ]
   [  0.           0.        ]]

  [[  0.           0.        ]
   [  0.           0.        ]
   [  0.           0.        ]]]


 [[[  0.           0.        ]
   [  0.          61.44749397]
   [  0.           0.        ]]

  [[  0.           0.        ]
   [  0.           0.        ]
   [  0.           0.        ]]

  [[  0.           0.        ]
   [  0.           0.        ]
   [  0.           0.        ]]]


 [[[  0.           0.        ]
   [  0.         103.44773747]
   [  0.           0.        ]]

  [[  0.           0.        ]
   [  0.           0.        ]
   [  0.           0.        ]]

  [[  0.           0.        ]
   [  0.           0.        ]
   [  0.           0.        ]]]


 [[[  0.           0.        ]
   [  0.         128.44849573]
   [  0.           0.        ]]

  [[  0.           0.        ]
   [  0.           0.        ]
   [  0.           0.        ]]

  [[  0.           0.        ]
   [  0.           0.        ]
   [  0.           0.        ]]]]

Cautious driver:

[[[[  0.           0.        ]
   [ 7.25          0.        ]
   [  0.           0.        ]]

  [[  0.           0.        ]
   [  0.           0.        ]
   [  0.           0.        ]]

  [[  0.           0.        ]
   [  0.           0.        ]
   [  0.           0.        ]]]


 [[[  0.           0.        ]
   [  5.6954291    0.        ]
   [  0.           0.        ]]

  [[  0.           0.        ]
   [  0.           0.        ]
   [  0.           0.        ]]

  [[  0.           0.        ]
   [  0.           0.        ]
   [  0.           0.        ]]]


 [[[  0.           0.        ]
   [ 8.78954666   0.         ]
   [  0.           0.        ]]

  [[  0.           0.        ]
   [  0.           0.        ]
   [  0.           0.        ]]

  [[  0.           0.        ]
   [  0.           0.        ]
   [  0.           0.        ]]]


 [[[  0.           0.        ]
   [ -3.67833763 -17.39405025]
   [  0.           0.        ]]

  [[  0.           0.        ]
   [  0.           0.        ]
   [  0.           0.        ]]

  [[  0.           0.        ]
   [  0.           0.        ]
   [  0.           0.        ]]]


 [[[  0.           0.        ]
   [  3.56870613   0.        ]
   [  0.           0.        ]]

  [[  0.           0.        ]
   [  0.           0.        ]
   [  0.           0.        ]]

  [[  0.           0.        ]
   [  0.           0.        ]
   [  0.           0.        ]]]


 [[[  0.           0.        ]
   [  6.891275     0.        ]
   [  0.           0.        ]]

  [[  0.           0.        ]
   [  0.           0.        ]
   [  0.           0.        ]]

  [[  0.           0.        ]
   [  0.           0.        ]
   [  0.           0.        ]]]


 [[[  0.           0.        ]
   [-39.505      -17.2525    ]
   [  0.           0.        ]]

  [[  0.           0.        ]
   [  0.           0.        ]
   [  0.           0.        ]]

  [[  0.           0.        ]
   [  0.           0.        ]
   [  0.           0.        ]]]


 [[[  0.           0.        ]
   [ 30.           0.        ]
   [  0.           0.        ]]

  [[  0.           0.        ]
   [  0.           0.        ]
   [  0.           0.        ]]

  [[  0.           0.        ]
   [  0.           0.        ]
   [  0.           0.        ]]]


 [[[  0.           0.        ]
   [  0.           0.        ]
   [  0.           0.        ]]

  [[  0.           0.        ]
   [  0.           0.        ]
   [  0.           0.        ]]

  [[  0.           0.        ]
   [  0.           0.        ]
   [  0.           0.        ]]]


 [[[  0.           0.        ]
   [  0.          25.642525  ]
   [  0.           0.        ]]

  [[  0.           0.        ]
   [  0.           0.        ]
   [  0.           0.        ]]

  [[  0.           0.        ]
   [  0.           0.        ]
   [  0.           0.        ]]]


 [[[  0.           0.        ]
   [  0.          40.5       ]
   [  0.           0.        ]]

  [[  0.           0.        ]
   [  0.           0.        ]
   [  0.           0.        ]]

  [[  0.           0.        ]
   [  0.           0.        ]
   [  0.           0.        ]]]


 [[[  0.           0.        ]
   [  0.          40.9925    ]
   [  0.           0.        ]]

  [[  0.           0.        ]
   [  0.           0.        ]
   [  0.           0.        ]]

  [[  0.           0.        ]
   [  0.          15.5       ]
   [  0.           0.        ]]]]

Drowsy driver:

[[[[  0.           0.        ]
   [  0.           0.        ]
   [ 13.18166757   0.        ]]

  [[  0.           0.        ]
   [  0.           0.        ]
   [  0.           0.        ]]

  [[  0.           0.        ]
   [  0.           0.        ]
   [  0.           0.        ]]]


 [[[  0.           0.        ]
   [  0.           0.        ]
   [ 17.27895495   0.        ]]

  [[  0.           0.        ]
   [  0.           0.        ]
   [  0.           0.        ]]

  [[  0.           0.        ]
   [  0.           0.        ]
   [  0.           0.        ]]]


 [[[  0.           0.        ]
   [  0.           0.        ]
   [ 37.10208068   0.        ]]

  [[  0.           0.        ]
   [  0.           0.        ]
   [  0.           0.        ]]

  [[  0.           0.        ]
   [  0.           0.        ]
   [  0.           0.        ]]]


 [[[  0.           0.        ]
   [  0.           0.        ]
   [-23.71409375 -24.42325   ]]

  [[  0.           0.        ]
   [  0.           0.        ]
   [  0.           0.        ]]

  [[  0.           0.        ]
   [  0.           0.        ]
   [  0.           0.        ]]]


 [[[  0.           0.        ]
   [  0.           0.        ]
   [-12.57         7.5       ]]

  [[  0.           0.        ]
   [  0.           0.        ]
   [  0.           0.        ]]

  [[  0.           0.        ]
   [  0.           0.        ]
   [  0.           0.        ]]]


 [[[  0.           0.        ]
   [  0.           0.        ]
   [ -3.           7.5       ]]

  [[  0.           0.        ]
   [  0.           0.        ]
   [  0.           0.        ]]

  [[  0.           0.        ]
   [  0.           0.        ]
   [  0.           0.        ]]]


 [[[  0.           0.        ]
   [  0.           0.        ]
   [  0.           7.5       ]]

  [[  0.           0.        ]
   [  0.           0.        ]
   [  0.           0.        ]]

  [[  0.           0.        ]
   [  0.           0.        ]
   [  0.           0.        ]]]


 [[[  0.           0.        ]
   [  0.           0.        ]
   [  0.           0.        ]]

  [[  0.           0.        ]
   [  0.           0.        ]
   [  0.           0.        ]]

  [[  0.           0.        ]
   [  0.           0.        ]
   [  0.           0.        ]]]


 [[[  0.           0.        ]
   [  0.           0.        ]
   [  0.           0.        ]]

  [[  0.           0.        ]
   [  0.           0.        ]
   [  0.           0.        ]]

  [[  0.           0.        ]
   [  0.           0.        ]
   [  0.           0.        ]]]


 [[[  0.           0.        ]
   [  0.           0.        ]
   [  0.           0.        ]]

  [[  0.           0.        ]
   [  0.           0.        ]
   [  0.           0.        ]]

  [[  0.           0.        ]
   [  0.           0.        ]
   [  0.           0.        ]]]


 [[[  0.           0.        ]
   [  0.           0.        ]
   [  0.           0.        ]]

  [[  0.           0.        ]
   [  0.           0.        ]
   [  0.           0.        ]]

  [[  0.           0.        ]
   [  0.           0.        ]
   [  0.           0.        ]]]


 [[[  0.           0.        ]
   [  0.           0.        ]
   [  0.           0.        ]]

  [[  0.           0.        ]
   [  0.           0.        ]
   [  0.           0.        ]]

  [[  0.           0.        ]
   [  0.           0.        ]
   [  0.           0.        ]]]]
