[0, 0, 0, 0, 0, 0, 0, 1, 1, 0, 0, 0, 0, 0, 0, 0, 0, 1, 0, 0, 0, 0, 0, 0, 0, 0, 0, 0, 0, 0, 0, 0, 0, 0, 0, 0, 0, 0, 0, 0, 0, 0, 0, 0, 0, 0, 1, 0, 0, 0, 0, 0, 0, 0, 0, 0, 0, 0, 0, 0, 0, 0, 0, 0, 0, 0, 0, 0, 0, 0, 0, 0, 0, 0, 1, 0, 1, 0, 0, 0, 0, 0, 0, 0, 0, 0, 0, 1, 0, 0, 0, 0, 0, 0, 0, 0, 0, 0, 0, 0]
[1, 0, 0, 0, 0, 0, 0, 0, 0, 1, 0, 0, 0, 0, 0, 0, 0, 0, 0, 0, 0, 0, 0, 0, 0, 0, 0, 0, 0, 1, 0, 0, 0, 0, 0, 0, 0, 0, 0, 0, 0, 0, 0, 0, 0, 0, 0, 0, 0, 0, 0, 0, 0, 0, 0, 0, 0, 0, 0, 0, 0, 0, 1, 0, 0, 0, 0, 0, 0, 0, 0, 0, 0, 0, 0, 0, 0, 0, 0, 0, 0, 0, 0, 0, 0, 0, 0, 0, 0, 0, 0, 1, 0, 0, 0, 0, 0, 0, 0, 0]
[4.22, 1.84, 1.84, 1.84, 1.8, 1.69, 1.49, 1.19, 0.81, 0.34, 0.56, 0.85, 1.79, 1.79, 1.74, 1.64, 1.49, 1.31, 1.07, 1.29, 1.78, 1.78, 1.73, 1.62, 1.47, 1.26, 1.01, 0.7, 0.33, 0.39, 0.58, 1.78, 1.77, 1.68, 1.53, 1.3, 1.0, 1.37, 1.78, 1.78, 1.74, 1.68, 1.59, 1.48, 1.35, 1.2, 1.01, 0.81, 0.76, 1.76, 1.76, 1.72, 1.8, 1.76, 1.69, 1.59, 1.46, 1.3, 1.12, 0.9, 0.66, 0.39, 0.28, 0.58, 1.77, 1.77, 1.75, 1.71, 1.65, 1.58, 1.49, 1.39, 1.26, 1.14, 0.98, 0.81, 0.62, 0.53, 1.75, 1.75, 1.73, 1.68, 1.61, 1.54, 1.43, 1.3, 1.16, 0.99, 0.81, 0.61, 0.38, 0.28, 0.58, 1.77, 1.79, 1.78, 1.77, 1.76, 1.73, 1.7]
[0, 0, 0, 0, 0, 0, 0, 0, 1, 0]
[1, 0, 0, 0, 0, 0, 0, 0, 0, 0]
[4.22, 1.84, 1.84, 1.85, 1.73, 1.65, 1.48, 1.23, 0.88, 0.46]
[0, 0, 0, 0, 0, 0, 0, 0, 1, 0]
[1, 0, 0, 0, 0, 0, 0, 0, 0, 0]
[4.22, 1.84, 1.84, 1.84, 1.82, 1.75, 1.59, 1.34, 1.0, 0.57]
[0, 0, 0, 0, 0, 0, 0, 1, 1, 0]
[1, 0, 0, 0, 0, 0, 0, 0, 0, 1]
[4.22, 1.84, 1.84, 1.84, 1.8, 1.7, 1.5, 1.21, 0.83, 0.36]
[0, 0, 0, 0, 0, 0, 0, 0, 0, 0]
[1, 0, 0, 0, 0, 0, 0, 0, 0, 0]
[4.22, 1.84, 1.84, 1.84, 1.81, 1.73, 1.55, 1.29, 0.94, 0.49]
[0, 0, 0, 0, 0, 0, 0, 0, 0, 0, 0, 0, 0, 0, 0, 1, 1, 0, 0, 0]
[1, 0, 0, 0, 0, 0, 0, 0, 0, 0, 0, 0, 0, 0, 0, 0, 0, 0, 0, 0]
[4.22, 1.84, 1.84, 1.84, 1.81, 1.73, 1.55, 1.29, 0.94, 0.49, 1.74, 1.7, 1.62, 1.52, 1.37, 1.19, 0.99, 0.74, 0.46, 0.15]
[0, 0, 0, 0, 0, 0, 0, 0, 0, 0, 0, 1, 0, 0, 0, 0, 0, 0, 0, 0, 0, 0, 0, 0, 1, 1, 0, 0, 0, 0, 0, 0, 0, 0, 0, 1, 1, 1, 0, 0, 0, 0, 0, 0, 0, 0, 0, 0, 0, 0, 0, 0, 0, 0, 0, 0, 0, 0, 0, 0, 0, 0, 0, 0, 0, 0, 0, 0, 0, 0, 0, 0, 0, 0, 0, 0, 0, 0, 0, 0, 0, 0, 0, 0, 0, 0, 0, 0, 0, 0, 0, 0, 0, 1, 0, 1, 0, 0, 0, 0]
[1, 0, 0, 0, 0, 0, 0, 0, 0, 0, 0, 0, 0, 0, 0, 1, 0, 0, 0, 0, 0, 0, 0, 0, 0, 0, 0, 0, 0, 0, 0, 0, 0, 0, 0, 0, 0, 0, 0, 0, 0, 0, 0, 0, 0, 0, 0, 0, 0, 0, 0, 0, 0, 0, 0, 0, 0, 0, 0, 0, 0, 0, 0, 0, 0, 0, 0, 0, 0, 0, 0, 0, 0, 0, 0, 0, 0, 0, 0, 0, 0, 0, 0, 0, 0, 0, 0, 0, 0, 0, 0, 0, 0, 0, 0, 0, 0, 0, 0, 0]
[4.22, 1.84, 1.84, 1.84, 1.84, 1.84, 1.81, 1.75, 1.66, 1.52, 1.34, 1.13, 0.88, 0.58, 0.24, 0.1, 0.43, 0.72, 1.79, 1.82, 1.8, 1.75, 1.67, 1.56, 1.43, 1.27, 1.07, 0.85, 0.9, 1.17, 1.78, 1.76, 1.69, 1.58, 1.42, 1.22, 0.97, 0.68, 0.34, 0.45, 0.75, 1.78, 1.75, 1.64, 1.47, 1.23, 0.93, 0.57, 0.8, 1.06, 1.78, 1.77, 1.66, 1.47, 1.2, 1.83, 1.69, 1.55, 1.31, 1.0, 0.6, 0.85, 1.19, 1.78, 1.78, 1.71, 1.59, 1.42, 1.2, 0.92, 1.15, 1.75, 1.77, 1.75, 1.7, 1.65, 1.57, 1.48, 1.37, 1.25, 1.11, 0.96, 0.87, 1.05, 1.77, 1.76, 1.73, 1.68, 1.61, 1.52, 1.4, 1.27, 1.12, 0.95, 0.76, 0.56, 0.48, 0.71, 1.06, 1.78]
